1	1	0	0.1
1.05955	1.05925	0	0.101
1.11821	1.11702	0	0.102
1.17599	1.17333	0	0.103
1.23289	1.22819	0	0.104
1.28893	1.28162	0	0.105
1.3441	1.33365	0	0.106
1.39843	1.38427	0	0.107
1.45192	1.43353	0	0.108
1.50458	1.48143	0	0.109
1.55641	1.52799	0	0.11
1.60743	1.57323	0	0.111
1.65763	1.61716	0	0.112
1.70704	1.65981	0	0.113
1.75567	1.7012	0	0.114
1.8035	1.74133	0	0.115
1.85057	1.78024	0	0.116
1.89687	1.81793	0	0.117
1.94242	1.85443	0	0.118
1.98721	1.88975	0	0.119
2.03127	1.9239	0	0.12
2.0746	1.95692	0	0.121
2.1172	1.98882	0	0.122
2.15909	2.01961	0	0.123
2.20027	2.04931	0	0.124
2.24076	2.07794	0	0.125
2.28056	2.10552	0	0.126
2.31968	2.13206	0	0.127
2.35812	2.15759	0	0.128
2.39591	2.18213	0	0.129
2.43304	2.20568	0	0.13
2.46952	2.22827	0	0.131
2.50536	2.24991	0	0.132
2.54058	2.27063	0	0.133
2.57517	2.29044	0	0.134
2.60915	2.30936	0	0.135
2.64253	2.32741	0	0.136
2.67531	2.34461	0	0.137
2.7075	2.36096	0	0.138
2.73911	2.3765	0	0.139
2.77016	2.39124	0	0.14
2.80064	2.40519	0	0.141
2.83057	2.41838	0	0.142
2.85995	2.43082	0	0.143
2.8888	2.44254	0	0.144
2.91712	2.45354	0	0.145
2.94492	2.46385	0	0.146
2.97221	2.47348	0	0.147
2.99899	2.48246	0	0.148
3.02529	2.4908	0	0.149
3.05109	2.49851	0	0.15
3.07642	2.50562	0	0.151
3.10128	2.51215	0	0.152
3.12568	2.51811	0	0.153
3.14962	2.52352	0	0.154
3.17313	2.52839	0	0.155
3.1962	2.53276	0	0.156
3.21884	2.53662	0	0.157
3.24106	2.54001	0	0.158
3.26287	2.54294	0	0.159
3.28429	2.54543	0	0.16
3.3053	2.54749	0	0.161
3.32594	2.54915	0	0.162
3.3462	2.55041	0	0.163
3.36609	2.55131	0	0.164
3.38562	2.55186	0	0.165
3.4048	2.55207	0	0.166
3.42364	2.55196	0	0.167
3.44215	2.55155	0	0.168
3.46033	2.55087	0	0.169
3.47819	2.54992	0	0.17
3.49575	2.54872	0	0.171
3.51301	2.5473	0	0.172
3.52997	2.54567	0	0.173
3.54665	2.54385	0	0.174
3.56306	2.54185	0	0.175
3.5792	2.5397	0	0.176
3.59508	2.53741	0	0.177
3.61072	2.53501	0	0.178
3.62611	2.5325	0	0.179
3.64127	2.5299	0	0.18
3.65621	2.52725	0	0.181
3.67093	2.52454	0	0.182
3.68544	2.5218	0	0.183
3.69976	2.51906	0	0.184
3.71389	2.51631	0	0.185
3.72783	2.5136	0	0.186
3.7416	2.51092	0	0.187
3.75521	2.5083	0	0.188
3.76866	2.50576	0	0.189
3.78196	2.50332	0	0.19
3.79513	2.50099	0	0.191
3.80816	2.49879	0	0.192
3.82107	2.49675	0	0.193
3.83387	2.49486	0	0.194
3.84656	2.49317	0	0.195
3.85915	2.49168	0	0.196
3.87166	2.4904	0	0.197
3.88409	2.48937	0	0.198
3.89644	2.4886	0	0.199
3.90873	2.4881	0	0.2
3.92096	2.48788	0	0.201
3.93314	2.48796	0	0.202
3.94527	2.48833	0	0.203
3.95734	2.48897	0	0.204
3.96936	2.4899	0	0.205
3.98133	2.49109	0	0.206
3.99324	2.49256	0	0.207
4.0051	2.4943	0	0.208
4.01691	2.4963	0	0.209
4.02867	2.49857	0	0.21
4.04037	2.50108	0	0.211
4.05203	2.50386	0	0.212
4.06363	2.50688	0	0.213
4.07518	2.51014	0	0.214
4.08668	2.51365	0	0.215
4.09814	2.5174	0	0.216
4.10954	2.52139	0	0.217
4.12089	2.5256	0	0.218
4.1322	2.53004	0	0.219
4.14346	2.53471	0	0.22
4.15466	2.5396	0	0.221
4.16582	2.5447	0	0.222
4.17694	2.55002	0	0.223
4.188	2.55555	0	0.224
4.19902	2.56129	0	0.225
4.21	2.56722	0	0.226
4.22092	2.57336	0	0.227
4.2318	2.57969	0	0.228
4.24264	2.58621	0	0.229
4.25343	2.59293	0	0.23
4.26417	2.59982	0	0.231
4.27487	2.6069	0	0.232
4.28553	2.61415	0	0.233
4.29614	2.62158	0	0.234
4.30671	2.62918	0	0.235
4.31724	2.63694	0	0.236
4.32772	2.64487	0	0.237
4.33816	2.65296	0	0.238
4.34856	2.6612	0	0.239
4.35891	2.6696	0	0.24
4.36923	2.67814	0	0.241
4.3795	2.68683	0	0.242
4.38973	2.69566	0	0.243
4.39993	2.70463	0	0.244
4.41008	2.71373	0	0.245
4.42019	2.72296	0	0.246
4.43026	2.73232	0	0.247
4.44029	2.7418	0	0.248
4.45029	2.7514	0	0.249
4.46024	2.76112	0	0.25
4.47016	2.77095	0	0.251
4.48004	2.78089	0	0.252
4.48988	2.79093	0	0.253
4.49968	2.80108	0	0.254
4.50945	2.81132	0	0.255
4.51918	2.82166	0	0.256
4.52888	2.83209	0	0.257
4.53853	2.8426	0	0.258
4.54816	2.8532	0	0.259
4.55774	2.86388	0	0.26
4.5673	2.87463	0	0.261
4.57681	2.88546	0	0.262
4.5863	2.89636	0	0.263
4.59575	2.90732	0	0.264
4.60516	2.91835	0	0.265
4.61454	2.92943	0	0.266
4.62389	2.94057	0	0.267
4.63321	2.95176	0	0.268
4.64249	2.96299	0	0.269
4.65175	2.97427	0	0.27
4.66097	2.98559	0	0.271
4.67016	2.99695	0	0.272
4.67932	3.00834	0	0.273
4.68844	3.01976	0	0.274
4.69754	3.0312	0	0.275
4.70661	3.04267	0	0.276
4.71564	3.05415	0	0.277
4.72465	3.06565	0	0.278
4.73363	3.07717	0	0.279
4.74258	3.08868	0	0.28
4.7515	3.10021	0	0.281
4.7604	3.11173	0	0.282
4.76926	3.12325	0	0.283
4.7781	3.13477	0	0.284
4.78691	3.14627	0	0.285
4.7957	3.15776	0	0.286
4.80446	3.16923	0	0.287
4.81319	3.18069	0	0.288
4.8219	3.19211	0	0.289
4.83058	3.20351	0	0.29
4.83924	3.21488	0	0.291
4.84787	3.22621	0	0.292
4.85647	3.2375	0	0.293
4.86506	3.24875	0	0.294
4.87362	3.25995	0	0.295
4.88215	3.2711	0	0.296
4.89066	3.2822	0	0.297
4.89915	3.29324	0	0.298
4.90762	3.30422	0	0.299
4.91607	3.31514	0	0.3
4.92449	3.32599	0	0.301
4.93289	3.33677	0	0.302
4.94127	3.34748	0	0.303
4.94963	3.35813	0	0.304
4.95797	3.36871	0	0.305
4.96628	3.37922	0	0.306
4.97458	3.38967	0	0.307
4.98285	3.40005	0	0.308
4.9911	3.41036	0	0.309
4.99933	3.42061	0	0.31
5.00754	3.4308	0	0.311
5.01573	3.44092	0	0.312
5.02389	3.45097	0	0.313
5.03204	3.46096	0	0.314
5.04016	3.47089	0	0.315
5.04827	3.48075	0	0.316
5.05635	3.49055	0	0.317
5.06441	3.50029	0	0.318
5.07245	3.50997	0	0.319
5.08047	3.51958	0	0.32
5.08847	3.52913	0	0.321
5.09645	3.53862	0	0.322
5.10441	3.54804	0	0.323
5.11234	3.55741	0	0.324
5.12026	3.56671	0	0.325
5.12816	3.57596	0	0.326
5.13603	3.58514	0	0.327
5.14389	3.59426	0	0.328
5.15172	3.60333	0	0.329
5.15954	3.61233	0	0.33
5.16733	3.62128	0	0.331
5.17511	3.63016	0	0.332
5.18286	3.63899	0	0.333
5.1906	3.64776	0	0.334
5.19831	3.65647	0	0.335
5.20601	3.66513	0	0.336
5.21368	3.67372	0	0.337
5.22134	3.68226	0	0.338
5.22898	3.69074	0	0.339
5.23659	3.69917	0	0.34
5.24419	3.70754	0	0.341
5.25177	3.71586	0	0.342
5.25932	3.72411	0	0.343
5.26686	3.73232	0	0.344
5.27438	3.74047	0	0.345
5.28188	3.74856	0	0.346
5.28936	3.7566	0	0.347
5.29682	3.76458	0	0.348
5.30426	3.77251	0	0.349
5.31168	3.78039	0	0.35
5.31909	3.78822	0	0.351
5.32647	3.79599	0	0.352
5.33384	3.80371	0	0.353
5.34118	3.81137	0	0.354
5.34851	3.81899	0	0.355
5.35582	3.82655	0	0.356
5.36311	3.83406	0	0.357
5.37038	3.84152	0	0.358
5.37763	3.84893	0	0.359
5.38487	3.85629	0	0.36
5.39208	3.8636	0	0.361
5.39928	3.87086	0	0.362
5.40646	3.87807	0	0.363
5.41362	3.88523	0	0.364
5.42076	3.89234	0	0.365
5.42788	3.8994	0	0.366
5.43499	3.90642	0	0.367
5.44208	3.91338	0	0.368
5.44914	3.9203	0	0.369
5.4562	3.92717	0	0.37
5.46323	3.93399	0	0.371
5.47024	3.94077	0	0.372
5.47724	3.9475	0	0.373
5.48422	3.95418	0	0.374
5.49118	3.96082	0	0.375
5.49813	3.96741	0	0.376
5.50505	3.97396	0	0.377
5.51196	3.98046	0	0.378
5.51885	3.98691	0	0.379
5.52573	3.99332	0	0.38
5.53258	3.99969	0	0.381
5.53942	4.00601	0	0.382
5.54624	4.01229	0	0.383
5.55305	4.01853	0	0.384
5.55983	4.02472	0	0.385
5.5666	4.03087	0	0.386
5.57336	4.03697	0	0.387
5.58009	4.04304	0	0.388
5.58681	4.04906	0	0.389
5.59351	4.05504	0	0.39
5.6002	4.06098	0	0.391
5.60686	4.06688	0	0.392
5.61352	4.07274	0	0.393
5.62015	4.07856	0	0.394
5.62677	4.08434	0	0.395
5.63337	4.09008	0	0.396
5.63995	4.09577	0	0.397
5.64652	4.10143	0	0.398
5.65307	4.10705	0	0.399
5.65961	4.11263	0	0.4
5.66613	4.11818	0	0.401
5.67263	4.12368	0	0.402
5.67911	4.12915	0	0.403
5.68558	4.13458	0	0.404
5.69204	4.13997	0	0.405
5.69848	4.14533	0	0.406
5.7049	4.15065	0	0.407
5.7113	4.15593	0	0.408
5.71769	4.16118	0	0.409
5.72407	4.16639	0	0.41
5.73042	4.17157	0	0.411
5.73677	4.17671	0	0.412
5.74309	4.18181	0	0.413
5.7494	4.18688	0	0.414
5.7557	4.19192	0	0.415
5.76198	4.19693	0	0.416
5.76824	4.2019	0	0.417
5.77449	4.20683	0	0.418
5.78072	4.21174	0	0.419
5.78694	4.21661	0	0.42
5.79314	4.22145	0	0.421
5.79933	4.22625	0	0.422
5.8055	4.23103	0	0.423
5.81166	4.23577	0	0.424
5.8178	4.24048	0	0.425
5.82393	4.24516	0	0.426
5.83004	4.24981	0	0.427
5.83614	4.25443	0	0.428
5.84222	4.25902	0	0.429
5.84829	4.26358	0	0.43
5.85434	4.26811	0	0.431
5.86038	4.27262	0	0.432
5.8664	4.27709	0	0.433
5.87241	4.28153	0	0.434
5.87841	4.28595	0	0.435
5.88439	4.29034	0	0.436
5.89035	4.2947	0	0.437
5.8963	4.29903	0	0.438
5.90224	4.30334	0	0.439
5.90816	4.30762	0	0.44
5.91407	4.31187	0	0.441
5.91997	4.3161	0	0.442
5.92585	4.3203	0	0.443
5.93171	4.32447	0	0.444
5.93757	4.32862	0	0.445
5.9434	4.33275	0	0.446
5.94923	4.33685	0	0.447
5.95504	4.34092	0	0.448
5.96084	4.34498	0	0.449
5.96662	4.349	0	0.45
5.97239	4.35301	0	0.451
5.97814	4.35699	0	0.452
5.98389	4.36095	0	0.453
5.98962	4.36488	0	0.454
5.99533	4.3688	0	0.455
6.00103	4.37269	0	0.456
6.00672	4.37656	0	0.457
6.0124	4.38041	0	0.458
6.01806	4.38423	0	0.459
6.02371	4.38804	0	0.46
6.02934	4.39183	0	0.461
6.03497	4.39559	0	0.462
6.04058	4.39934	0	0.463
6.04617	4.40306	0	0.464
6.05176	4.40677	0	0.465
6.05733	4.41046	0	0.466
6.06289	4.41413	0	0.467
6.06843	4.41778	0	0.468
6.07397	4.42141	0	0.469
6.07949	4.42503	0	0.47
6.08499	4.42862	0	0.471
6.09049	4.4322	0	0.472
6.09597	4.43577	0	0.473
6.10144	4.43931	0	0.474
6.1069	4.44284	0	0.475
6.11235	4.44635	0	0.476
6.11778	4.44985	0	0.477
6.1232	4.45334	0	0.478
6.12861	4.4568	0	0.479
6.13401	4.46026	0	0.48
6.13939	4.46369	0	0.481
6.14477	4.46712	0	0.482
6.15013	4.47053	0	0.483
6.15548	4.47392	0	0.484
6.16081	4.4773	0	0.485
6.16614	4.48067	0	0.486
6.17145	4.48403	0	0.487
6.17676	4.48737	0	0.488
6.18205	4.49071	0	0.489
6.18733	4.49403	0	0.49
6.19259	4.49733	0	0.491
6.19785	4.50063	0	0.492
6.2031	4.50392	0	0.493
6.20833	4.50719	0	0.494
6.21355	4.51046	0	0.495
6.21876	4.51371	0	0.496
6.22396	4.51696	0	0.497
6.22915	4.52019	0	0.498
6.23433	4.52342	0	0.499
6.2395	4.52664	0	0.5
6.24465	4.52985	0	0.501
6.2498	4.53305	0	0.502
6.25493	4.53624	0	0.503
6.26006	4.53942	0	0.504
6.26517	4.5426	0	0.505
6.27027	4.54577	0	0.506
6.27536	4.54893	0	0.507
6.28044	4.55209	0	0.508
6.28551	4.55524	0	0.509
6.29057	4.55838	0	0.51
6.29562	4.56152	0	0.511
6.30066	4.56466	0	0.512
6.30569	4.56778	0	0.513
6.31071	4.57091	0	0.514
6.31572	4.57403	0	0.515
6.32072	4.57714	0	0.516
6.3257	4.58025	0	0.517
6.33068	4.58336	0	0.518
6.33565	4.58646	0	0.519
6.34061	4.58956	0	0.52
6.34556	4.59266	0	0.521
6.3505	4.59576	0	0.522
6.35542	4.59885	0	0.523
6.36034	4.60194	0	0.524
6.36525	4.60503	0	0.525
6.37015	4.60812	0	0.526
6.37504	4.61121	0	0.527
6.37992	4.6143	0	0.528
6.3848	4.61739	0	0.529
6.38966	4.62047	0	0.53
6.39451	4.62356	0	0.531
6.39936	4.62665	0	0.532
6.40419	4.62974	0	0.533
6.40901	4.63283	0	0.534
6.41383	4.63592	0	0.535
6.41864	4.63901	0	0.536
6.42344	4.64211	0	0.537
6.42823	4.64521	0	0.538
6.43301	4.64831	0	0.539
6.43778	4.65141	0	0.54
6.44254	4.65452	0	0.541
6.44729	4.65763	0	0.542
6.45204	4.66074	0	0.543
6.45678	4.66386	0	0.544
6.4615	4.66698	0	0.545
6.46622	4.67011	0	0.546
6.47094	4.67324	0	0.547
6.47564	4.67638	0	0.548
6.48033	4.67952	0	0.549
6.48502	4.68267	0	0.55
6.4897	4.68583	0	0.551
6.49437	4.68899	0	0.552
6.49903	4.69216	0	0.553
6.50368	4.69533	0	0.554
6.50833	4.69852	0	0.555
6.51297	4.70171	0	0.556
6.51759	4.70491	0	0.557
6.52222	4.70812	0	0.558
6.52683	4.71133	0	0.559
6.53144	4.71456	0	0.56
6.53604	4.71779	0	0.561
6.54063	4.72103	0	0.562
6.54521	4.72429	0	0.563
6.54979	4.72755	0	0.564
6.55435	4.73082	0	0.565
6.55892	4.73411	0	0.566
6.56347	4.7374	0	0.567
6.56802	4.74071	0	0.568
6.57255	4.74403	0	0.569
6.57709	4.74736	0	0.57
6.58161	4.7507	0	0.571
6.58613	4.75405	0	0.572
6.59064	4.75742	0	0.573
6.59514	4.7608	0	0.574
6.59964	4.7642	0	0.575
6.60413	4.7676	0	0.576
6.60861	4.77103	0	0.577
6.61309	4.77446	0	0.578
6.61756	4.77791	0	0.579
6.62202	4.78138	0	0.58
6.62648	4.78486	0	0.581
6.63093	4.78835	0	0.582
6.63537	4.79186	0	0.583
6.63981	4.79539	0	0.584
6.64424	4.79893	0	0.585
6.64866	4.80249	0	0.586
6.65308	4.80607	0	0.587
6.65749	4.80967	0	0.588
6.6619	4.81328	0	0.589
6.6663	4.81691	0	0.59
6.67069	4.82055	0	0.591
6.67508	4.82422	0	0.592
6.67946	4.82791	0	0.593
6.68383	4.83161	0	0.594
6.6882	4.83533	0	0.595
6.69257	4.83907	0	0.596
6.69692	4.84284	0	0.597
6.70128	4.84662	0	0.598
6.70562	4.85042	0	0.599
6.70996	4.85425	0	0.6
6.7143	4.85809	0	0.601
6.71863	4.86196	0	0.602
6.72295	4.86585	0	0.603
6.72727	4.86976	0	0.604
6.73159	4.87369	0	0.605
6.7359	4.87764	0	0.606
6.7402	4.88162	0	0.607
6.7445	4.88562	0	0.608
6.74879	4.88965	0	0.609
6.75308	4.8937	0	0.61
6.75736	4.89777	0	0.611
6.76164	4.90186	0	0.612
6.76592	4.90598	0	0.613
6.77019	4.91013	0	0.614
6.77445	4.9143	0	0.615
6.77871	4.9185	0	0.616
6.78296	4.92272	0	0.617
6.78721	4.92697	0	0.618
6.79146	4.93125	0	0.619
6.7957	4.93555	0	0.62
6.79994	4.93988	0	0.621
6.80417	4.94423	0	0.622
6.8084	4.94862	0	0.623
6.81262	4.95303	0	0.624
6.81684	4.95747	0	0.625
6.82105	4.96194	0	0.626
6.82527	4.96643	0	0.627
6.82947	4.97096	0	0.628
6.83368	4.97552	0	0.629
6.83788	4.9801	0	0.63
6.84207	4.98472	0	0.631
6.84626	4.98936	0	0.632
6.85045	4.99404	0	0.633
6.85463	4.99874	0	0.634
6.85881	5.00348	0	0.635
6.86299	5.00825	0	0.636
6.86716	5.01305	0	0.637
6.87133	5.01789	0	0.638
6.8755	5.02275	0	0.639
6.87966	5.02765	0	0.64
6.88382	5.03258	0	0.641
6.88798	5.03755	0	0.642
6.89213	5.04255	0	0.643
6.89628	5.04758	0	0.644
6.90043	5.05265	0	0.645
6.90457	5.05775	0	0.646
6.90871	5.06288	0	0.647
6.91285	5.06805	0	0.648
6.91698	5.07326	0	0.649
6.92111	5.0785	0	0.65
6.92524	5.08378	0	0.651
6.92937	5.08909	0	0.652
6.93349	5.09444	0	0.653
6.93761	5.09983	0	0.654
6.94173	5.10525	0	0.655
6.94584	5.11071	0	0.656
6.94996	5.11621	0	0.657
6.95407	5.12175	0	0.658
6.95818	5.12733	0	0.659
6.96228	5.13294	0	0.66
6.96639	5.13859	0	0.661
6.97049	5.14428	0	0.662
6.97459	5.15002	0	0.663
6.97868	5.15579	0	0.664
6.98278	5.1616	0	0.665
6.98687	5.16745	0	0.666
6.99096	5.17334	0	0.667
6.99505	5.17928	0	0.668
6.99914	5.18525	0	0.669
7.00323	5.19127	0	0.67
7.00731	5.19733	0	0.671
7.01139	5.20343	0	0.672
7.01547	5.20957	0	0.673
7.01955	5.21576	0	0.674
7.02363	5.22198	0	0.675
7.02771	5.22826	0	0.676
7.03178	5.23457	0	0.677
7.03585	5.24093	0	0.678
7.03993	5.24734	0	0.679
7.044	5.25378	0	0.68
7.04807	5.26028	0	0.681
7.05214	5.26682	0	0.682
7.0562	5.2734	0	0.683
7.06027	5.28003	0	0.684
7.06434	5.28671	0	0.685
7.0684	5.29343	0	0.686
7.07246	5.3002	0	0.687
7.07653	5.30701	0	0.688
7.08059	5.31387	0	0.689
7.08465	5.32079	0	0.69
7.08871	5.32774	0	0.691
7.09277	5.33475	0	0.692
7.09683	5.3418	0	0.693
7.10089	5.34891	0	0.694
7.10495	5.35606	0	0.695
7.10901	5.36326	0	0.696
7.11307	5.37051	0	0.697
7.11713	5.37781	0	0.698
7.12118	5.38516	0	0.699
7.12524	5.39257	0	0.7
7.1293	5.40002	0	0.701
7.13336	5.40752	0	0.702
7.13741	5.41508	0	0.703
7.14147	5.42268	0	0.704
7.14553	5.43034	0	0.705
7.14959	5.43805	0	0.706
7.15364	5.44582	0	0.707
7.1577	5.45363	0	0.708
7.16176	5.4615	0	0.709
7.16582	5.46943	0	0.71
7.16988	5.4774	0	0.711
7.17394	5.48543	0	0.712
7.178	5.49352	0	0.713
7.18206	5.50166	0	0.714
7.18612	5.50985	0	0.715
7.19019	5.5181	0	0.716
7.19425	5.52641	0	0.717
7.19831	5.53477	0	0.718
7.20238	5.54319	0	0.719
7.20645	5.55166	0	0.72
7.21051	5.56019	0	0.721
7.21458	5.56878	0	0.722
7.21865	5.57742	0	0.723
7.22272	5.58613	0	0.724
7.22679	5.59489	0	0.725
7.23086	5.6037	0	0.726
7.23494	5.61258	0	0.727
7.23901	5.62152	0	0.728
7.24309	5.63051	0	0.729
7.24717	5.63957	0	0.73
7.25125	5.64868	0	0.731
7.25533	5.65785	0	0.732
7.25941	5.66708	0	0.733
7.2635	5.67637	0	0.734
7.26759	5.68571	0	0.735
7.27169	5.6951	0	0.736
7.27579	5.70454	0	0.737
7.27989	5.71404	0	0.738
7.284	5.72358	0	0.739
7.28812	5.73318	0	0.74
7.29224	5.74282	0	0.741
7.29637	5.7525	0	0.742
7.3005	5.76223	0	0.743
7.30465	5.772	0	0.744
7.3088	5.78181	0	0.745
7.31296	5.79167	0	0.746
7.31713	5.80156	0	0.747
7.32131	5.81149	0	0.748
7.3255	5.82145	0	0.749
7.3297	5.83145	0	0.75
7.33392	5.84149	0	0.751
7.33814	5.85156	0	0.752
7.34238	5.86165	0	0.753
7.34663	5.87178	0	0.754
7.35089	5.88194	0	0.755
7.35517	5.89212	0	0.756
7.35946	5.90233	0	0.757
7.36376	5.91256	0	0.758
7.36808	5.92282	0	0.759
7.37242	5.9331	0	0.76
7.37677	5.9434	0	0.761
7.38114	5.95372	0	0.762
7.38552	5.96405	0	0.763
7.38993	5.97441	0	0.764
7.39435	5.98478	0	0.765
7.39879	5.99516	0	0.766
7.40325	6.00556	0	0.767
7.40773	6.01597	0	0.768
7.41223	6.02638	0	0.769
7.41674	6.03681	0	0.77
7.42128	6.04725	0	0.771
7.42585	6.05769	0	0.772
7.43043	6.06813	0	0.773
7.43504	6.07858	0	0.774
7.43966	6.08903	0	0.775
7.44432	6.09949	0	0.776
7.44899	6.10994	0	0.777
7.45369	6.12039	0	0.778
7.45842	6.13084	0	0.779
7.46317	6.14129	0	0.78
7.46795	6.15173	0	0.781
7.47275	6.16216	0	0.782
7.47758	6.17259	0	0.783
7.48244	6.183	0	0.784
7.48732	6.19341	0	0.785
7.49223	6.2038	0	0.786
7.49718	6.21418	0	0.787
7.50215	6.22455	0	0.788
7.50715	6.2349	0	0.789
7.51218	6.24523	0	0.79
7.51724	6.25554	0	0.791
7.52233	6.26584	0	0.792
7.52746	6.27611	0	0.793
7.53262	6.28636	0	0.794
7.53781	6.29659	0	0.795
7.54303	6.30679	0	0.796
7.54828	6.31697	0	0.797
7.55358	6.32712	0	0.798
7.5589	6.33724	0	0.799
7.56426	6.34733	0	0.8
7.56966	6.35739	0	0.801
7.57509	6.36742	0	0.802
7.58056	6.37741	0	0.803
7.58606	6.38737	0	0.804
7.59161	6.39729	0	0.805
7.59719	6.40717	0	0.806
7.60281	6.41701	0	0.807
7.60846	6.42682	0	0.808
7.61416	6.43658	0	0.809
7.6199	6.4463	0	0.81
7.62568	6.45597	0	0.811
7.6315	6.4656	0	0.812
7.63736	6.47518	0	0.813
7.64326	6.48471	0	0.814
7.64921	6.4942	0	0.815
7.65519	6.50363	0	0.816
7.66123	6.51301	0	0.817
7.6673	6.52234	0	0.818
7.67342	6.53161	0	0.819
7.67958	6.54082	0	0.82
7.68579	6.54998	0	0.821
7.69205	6.55908	0	0.822
7.69835	6.56812	0	0.823
7.7047	6.5771	0	0.824
7.71109	6.58602	0	0.825
7.71754	6.59487	0	0.826
7.72403	6.60365	0	0.827
7.73057	6.61237	0	0.828
7.73716	6.62103	0	0.829
7.7438	6.62961	0	0.83
7.75049	6.63812	0	0.831
7.75723	6.64656	0	0.832
7.76402	6.65493	0	0.833
7.77086	6.66323	0	0.834
7.77776	6.67144	0	0.835
7.7847	6.67959	0	0.836
7.79171	6.68765	0	0.837
7.79876	6.69563	0	0.838
7.80587	6.70353	0	0.839
7.81303	6.71136	0	0.84
7.82025	6.71909	0	0.841
7.82752	6.72674	0	0.842
7.83485	6.73431	0	0.843
7.84224	6.74179	0	0.844
7.84968	6.74918	0	0.845
7.85718	6.75648	0	0.846
7.86474	6.76369	0	0.847
7.87236	6.77081	0	0.848
7.88003	6.77783	0	0.849
7.88777	6.78476	0	0.85
7.89556	6.79159	0	0.851
7.90342	6.79832	0	0.852
7.91133	6.80496	0	0.853
7.91931	6.81149	0	0.854
7.92735	6.81792	0	0.855
7.93545	6.82425	0	0.856
7.94362	6.83048	0	0.857
7.95184	6.8366	0	0.858
7.96014	6.84261	0	0.859
7.96849	6.84852	0	0.86
7.97691	6.85431	0	0.861
7.9854	6.86	0	0.862
7.99395	6.86557	0	0.863
8.00257	6.87103	0	0.864
8.01125	6.87637	0	0.865
8.02001	6.8816	0	0.866
8.02882	6.88671	0	0.867
8.03771	6.89171	0	0.868
8.04667	6.89658	0	0.869
8.05569	6.90133	0	0.87
8.06479	6.90596	0	0.871
8.07395	6.91047	0	0.872
8.08319	6.91485	0	0.873
8.0925	6.9191	0	0.874
8.10188	6.92323	0	0.875
8.11133	6.92723	0	0.876
8.12085	6.93109	0	0.877
8.13045	6.93483	0	0.878
8.14012	6.93843	0	0.879
8.14986	6.9419	0	0.88
8.15968	6.94524	0	0.881
8.16957	6.94843	0	0.882
8.17954	6.95149	0	0.883
8.18958	6.95441	0	0.884
8.1997	6.95719	0	0.885
8.2099	6.95982	0	0.886
8.22018	6.96232	0	0.887
8.23053	6.96467	0	0.888
8.24096	6.96687	0	0.889
8.25147	6.96892	0	0.89
8.26206	6.97083	0	0.891
8.27273	6.97259	0	0.892
8.28348	6.9742	0	0.893
8.29431	6.97565	0	0.894
8.30523	6.97695	0	0.895
8.31622	6.9781	0	0.896
8.3273	6.97908	0	0.897
8.33846	6.97992	0	0.898
8.3497	6.98059	0	0.899
8.36102	6.9811	0	0.9
8.37243	6.98145	0	0.901
8.38393	6.98164	0	0.902
8.39551	6.98166	0	0.903
8.40717	6.98152	0	0.904
8.41893	6.98121	0	0.905
8.43077	6.98074	0	0.906
8.44269	6.98009	0	0.907
8.4547	6.97928	0	0.908
8.46681	6.97829	0	0.909
8.479	6.97713	0	0.91
8.49127	6.97579	0	0.911
8.50364	6.97428	0	0.912
8.5161	6.97259	0	0.913
8.52865	6.97072	0	0.914
8.54129	6.96868	0	0.915
8.55402	6.96645	0	0.916
8.56685	6.96404	0	0.917
8.57976	6.96145	0	0.918
8.59277	6.95867	0	0.919
8.60588	6.9557	0	0.92
8.61907	6.95255	0	0.921
8.63236	6.94921	0	0.922
8.64575	6.94568	0	0.923
8.65923	6.94196	0	0.924
8.67281	6.93804	0	0.925
8.68648	6.93393	0	0.926
8.70025	6.92963	0	0.927
8.71412	6.92513	0	0.928
8.72809	6.92043	0	0.929
8.74215	6.91553	0	0.93
8.75632	6.91043	0	0.931
8.77058	6.90513	0	0.932
8.78494	6.89963	0	0.933
8.7994	6.89392	0	0.934
8.81397	6.888	0	0.935
8.82863	6.88188	0	0.936
8.8434	6.87555	0	0.937
8.85826	6.86902	0	0.938
8.87323	6.86227	0	0.939
8.88831	6.8553	0	0.94
8.90349	6.84813	0	0.941
8.91877	6.84074	0	0.942
8.93416	6.83313	0	0.943
8.94965	6.82531	0	0.944
8.96525	6.81726	0	0.945
8.98095	6.809	0	0.946
8.99676	6.80052	0	0.947
9.01268	6.79181	0	0.948
9.0287	6.78288	0	0.949
9.04483	6.77373	0	0.95
9.06108	6.76434	0	0.951
9.07743	6.75473	0	0.952
9.09389	6.74489	0	0.953
9.11046	6.73482	0	0.954
9.12714	6.72452	0	0.955
9.14393	6.71399	0	0.956
9.16083	6.70322	0	0.957
9.17785	6.69221	0	0.958
9.19497	6.68097	0	0.959
9.21221	6.66949	0	0.96
9.22957	6.65777	0	0.961
9.24703	6.64581	0	0.962
9.26462	6.63361	0	0.963
9.28231	6.62116	0	0.964
9.30012	6.60847	0	0.965
9.31805	6.59554	0	0.966
9.3361	6.58235	0	0.967
9.35426	6.56892	0	0.968
9.37254	6.55524	0	0.969
9.39093	6.5413	0	0.97
9.40945	6.52712	0	0.971
9.42808	6.51268	0	0.972
9.44683	6.49798	0	0.973
9.46571	6.48303	0	0.974
9.4847	6.46782	0	0.975
9.50381	6.45235	0	0.976
9.52304	6.43662	0	0.977
9.5424	6.42063	0	0.978
9.56188	6.40438	0	0.979
9.58148	6.38786	0	0.98
9.6012	6.37108	0	0.981
9.62105	6.35403	0	0.982
9.64102	6.33671	0	0.983
9.66112	6.31912	0	0.984
9.68134	6.30126	0	0.985
9.70169	6.28313	0	0.986
9.72216	6.26473	0	0.987
9.74276	6.24605	0	0.988
9.76349	6.22709	0	0.989
9.78434	6.20786	0	0.99
9.80532	6.18835	0	0.991
9.82643	6.16856	0	0.992
9.84767	6.14849	0	0.993
9.86904	6.12813	0	0.994
9.89054	6.10749	0	0.995
9.91217	6.08657	0	0.996
9.93393	6.06536	0	0.997
9.95582	6.04386	0	0.998
9.97784	6.02208	0	0.999
10	6	0	1
